v 6
k 3
1.0 1.0 1.0 1.0 1.0 1.0 1.0 1.0 1.0 1.0 
v 8
k 3
1.0 1.0 1.0 1.0 1.0 1.0 1.0 1.0 1.0 1.0 
k 4
1.0 1.0 1.0 1.0 1.0 1.0 1.0 1.0 1.0 1.0 
k 5
1.0 1.0 1.0 1.0 1.0 1.0 1.0 1.0 1.0 1.0 
v 10
k 4
1.0 1.0 1.0 1.0 1.0 1.0 1.090909 1.0 1.0 1.0 
k 5
1.0 1.076923 1.0 1.0 1.076923 1.0 1.0 1.076923 1.0 1.0 
k 6
1.071429 1.071429 1.0 1.0 1.0 1.0 1.0 1.0 1.0 1.0 
k 7
1.0 1.0 1.0 1.0 1.0 1.0 1.0 1.0 1.0 1.0 
v 12
k 4
1.0 1.0 1.0 1.0 1.0 1.0 1.0 1.0 1.0 1.0 
k 5
1.0 1.0 1.0 1.0 1.0 1.071429 1.0 1.0 1.071429 1.0 
k 6
1.0 1.0 1.0 1.0 1.0 1.0 1.0 1.0 1.0625 1.0 
k 7
1.0 1.0 1.0 1.058824 1.0 1.0 1.0 1.0 1.058824 1.0 
k 8
1.0 1.0 1.0 1.0 1.0 1.0 1.0 1.0 1.0 1.0 
k 9
1.0 1.0 1.0 1.0 1.0 1.0 1.0 1.0 1.0 1.0 
v 14
k 5
1.0 1.0 1.0 1.0 1.0 1.071429 1.0 1.0 1.0 1.0 
k 6
1.0 1.058824 1.0 1.0 1.058824 1.0 1.0 1.0 1.058824 1.0 
k 7
1.0 1.0 1.0 1.0 1.0 1.052632 1.0 1.0 1.0 1.0 
k 8
1.0 1.05 1.05 1.0 1.0 1.05 1.0 1.05 1.05 1.0 
k 9
1.0 1.0 1.0 1.0 1.0 1.0 1.0 1.0 1.0 1.0 
k 10
1.0 1.0 1.0 1.0 1.0 1.0 1.0 1.0 1.0 1.0 
v 16
k 5
1.0 1.0 1.0 1.0 1.0 1.0 1.0 1.0 1.0 1.0 
k 6
1.058824 1.0 1.0 1.0 1.0 1.058824 1.0 1.0 1.0 1.0 
k 7
1.0 1.05 1.0 1.05 1.05 1.052632 1.05 1.0 1.0 1.05 
k 8
1.0 1.0 1.047619 1.0 1.0 1.047619 1.0 1.0 1.047619 1.0 
k 9
1.0 1.043478 1.0 1.0 1.090909 1.0 1.0 1.0 1.0 1.043478 
k 10
1.0 1.0 1.0 1.0 1.0 1.0 1.0 1.0 1.0 1.0 
k 12
1.0 1.0 1.0 1.0 1.0 1.0 1.0 1.0 1.0 1.0 
v 18
k 6
1.0 1.0 1.0 1.0 1.0 1.0 1.0 1.0 1.0 1.0 
k 7
1.0 1.0 1.0 1.0 1.0 1.05 1.0 1.0 1.0 1.0 
k 8
1.090909 1.043478 1.0 1.043478 1.0 1.0 1.045455 1.0 1.0 1.043478 
k 9
1.041667 1.0 1.0 1.04 1.0 1.041667 1.0 1.0 1.0 1.083333 
k 10
1.08 1.038462 1.0 1.038462 1.0 1.0 1.0 1.038462 1.038462 1.08 
k 12
1.0 1.0 1.0 1.0 1.0 1.0 1.0 1.0 1.0 1.0 
k 14
1.0 1.0 1.0 1.0 1.0 1.0 1.0 1.0 1.0 1.0 
v 20
k 6
1.0 1.0 1.0 1.0 1.0 1.0 1.0 1.0 1.0 1.0 
k 7
1.0 1.0 1.0 1.0 1.0 1.0 1.0 1.0 1.0 1.0 
k 8
1.043478 1.0 1.0 1.043478 1.0 1.0 1.043478 1.0 1.043478 1.043478 
k 9
1.04 1.038462 1.038462 1.08 1.08 1.04 1.0 1.0 1.04 1.0 
k 10
1.0 1.037037 1.037037 1.0 1.0 1.037037 1.0 1.0 1.0 1.0 
k 12
1.034483 1.0 1.0 1.034483 1.0 1.034483 1.0 1.0 1.0 1.0 
k 14
1.0 1.0 1.0 1.0 1.0 1.0 1.0 1.0 1.0 1.0 
k 16
1.0 1.0 1.0 1.0 1.0 1.0 1.0 1.0 1.0 1.0 
v 22
k 7
1.0 1.0 1.0 1.0 1.0 1.0 1.0 1.0 1.0 1.0 
k 8
1.0 1.0 1.0 1.0 1.0 1.043478 1.0 1.0 1.0 1.0 
k 9
1.038462 1.0 1.0 1.038462 1.0 1.038462 1.0 1.0 1.038462 1.038462 
k 10
1.035714 1.035714 1.034483 1.035714 1.0 1.034483 1.035714 1.034483 1.071429 1.035714 
k 12
1.066667 1.032258 1.03125 1.066667 1.0 1.03125 1.032258 1.064516 1.064516 1.0 
k 14
1.03125 1.0 1.0 1.0 1.0 1.0 1.0 1.0 1.0 1.0 
k 16
1.0 1.0 1.0 1.0 1.0 1.0 1.0 1.0 1.0 1.0 
k 18
1.0 1.0 1.0 1.0 1.0 1.0 1.0 1.0 1.0 1.0 
v 24
k 7
1.0 1.0 1.0 1.0 1.0 1.0 1.0 1.0 1.0 1.0 
k 8
1.0 1.043478 1.0 1.0 1.0 1.0 1.0 1.0 1.0 1.0 
k 9
1.0 1.0 1.0 1.0 1.038462 1.0 1.0 1.0 1.038462 1.0 
k 10
1.034483 1.034483 1.0 1.034483 1.071429 1.0 1.0 1.0 1.071429 1.0 
k 12
1.030303 1.03125 1.030303 1.0 1.0 1.0 1.030303 1.0 1.0625 1.0 
k 14
1.028571 1.028571 1.0 1.028571 1.028571 1.028571 1.028571 1.0 1.028571 1.028571 
k 16
1.0 1.0 1.0 1.0 1.0 1.0 1.0 1.0 1.0 1.0 
k 18
1.0 1.0 1.0 1.0 1.0 1.0 1.0 1.0 1.0 1.0 
k 20
1.0 1.0 1.0 1.0 1.0 1.0 1.0 1.0 1.0 1.0 
v 26
k 8
1.0 1.0 1.0 1.0 1.0 1.0 1.0 1.0 1.0 1.0 
k 9
1.0 1.0 1.0 1.0 1.0 1.0 1.0 1.0 1.0 1.0 
k 10
1.0 1.034483 1.034483 1.0 1.0 1.0 1.0 1.0 1.0 1.0 
k 12
1.029412 1.060606 1.0 1.0 1.028571 1.0 1.028571 1.029412 1.0 1.029412 
k 14
1.027027 1.027027 1.027027 1.026316 1.0 1.027027 1.0 1.027027 1.027027 1.055556 
k 16
1.0 1.0 1.0 1.0 1.0 1.0 1.0 1.0 1.026316 1.0 
k 18
1.0 1.0 1.0 1.0 1.0 1.0 1.0 1.0 1.0 1.0 
k 20
1.0 1.0 1.0 1.0 1.0 1.0 1.0 1.0 1.0 1.0 
k 22
1.0 1.0 1.0 1.0 1.0 1.0 1.0 1.0 1.0 1.0 
v 28
k 8
1.0 1.0 1.0 1.0 1.0 1.0 1.0 1.0 1.0 1.0 
k 9
1.0 1.0 1.0 1.0 1.0 1.0 1.0 1.0 1.0 1.0 
k 10
1.0 1.0 1.0 1.0 1.0 1.0 1.0 1.0 1.0 1.0 
k 12
1.028571 1.028571 1.029412 1.0 1.028571 1.058824 1.0 1.0 1.090909 1.028571 
k 14
1.025641 1.026316 1.026316 1.0 1.026316 1.052632 1.025641 1.081081 1.081081 1.026316 
k 16
1.02439 1.05 1.051282 1.0 1.05 1.02439 1.05 1.076923 1.076923 1.05 
k 18
1.0 1.0 1.0 1.0 1.0 1.0 1.0 1.0 1.0 1.0 
k 20
1.0 1.0 1.0 1.0 1.0 1.0 1.0 1.0 1.0 1.0 
k 22
1.0 1.0 1.0 1.0 1.0 1.0 1.0 1.0 1.0 1.0 
k 24
1.0 1.0 1.0 1.0 1.0 1.0 1.0 1.0 1.0 1.0 
v 30
k 9
1.0 1.0 1.0 1.0 1.0 1.0 1.0 1.0 1.0 1.0 
k 10
1.0 1.0 1.0 1.0 1.0 1.0 1.0 1.0 1.0 1.0 
k 12
1.0 1.0 1.0 1.0 1.0 1.0 1.0 1.058824 1.028571 1.028571 
k 14
1.025 1.0 1.0 1.0 1.025 1.0 1.0 1.025 1.051282 1.025641 
k 16
1.0 1.0 1.023256 1.0 1.023256 1.046512 1.02381 1.047619 1.023256 1.02381 
k 18
1.0 1.0 1.0 1.022727 1.0 1.0 1.0 1.022727 1.0 1.0 
k 20
1.0 1.0 1.0 1.0 1.0 1.0 1.0 1.0 1.0 1.0 
k 22
1.0 1.0 1.0 1.0 1.0 1.0 1.0 1.0 1.0 1.0 
k 24
1.0 1.0 1.0 1.0 1.0 1.0 1.0 1.0 1.0 1.0 
k 26
1.0 1.0 1.0 1.0 1.0 1.0 1.0 1.0 1.0 1.0 
v 32
k 9
1.0 1.0 1.0 1.0 1.0 1.0 1.0 1.0 1.0 1.0 
k 10
1.0 1.0 1.0 1.0 1.0 1.0 1.0 1.0 1.0 1.0 
k 12
1.0 1.0 1.0 1.0 1.028571 1.0 1.0 1.0 1.0 1.0 
k 14
1.0 1.05 1.05 1.02439 1.076923 1.0 1.02439 1.02439 1.076923 1.02439 
k 16
1.0 1.022727 1.045455 1.0 1.022727 1.0 1.022222 1.022727 1.046512 1.046512 
k 18
1.0 1.066667 1.066667 1.021277 1.021277 1.0 1.021277 1.043478 1.043478 1.043478 
k 20
1.0 1.021277 1.0 1.0 1.0 1.0 1.0 1.0 1.021277 1.0 
k 22
1.0 1.0 1.0 1.0 1.0 1.0 1.0 1.0 1.0 1.0 
k 24
1.0 1.0 1.0 1.0 1.0 1.0 1.0 1.0 1.0 1.0 
k 26
1.0 1.0 1.0 1.0 1.0 1.0 1.0 1.0 1.0 1.0 
k 28
1.0 1.0 1.0 1.0 1.0 1.0 1.0 1.0 1.0 1.0 
v 34
k 10
1.0 1.0 1.0 1.0 1.0 1.0 1.0 1.0 1.0 1.0 
k 12
1.0 1.0 1.0 1.0 1.0 1.0 1.0 1.0 1.0 1.0 
k 14
1.05 1.0 1.05 1.02439 1.02439 1.02439 1.05 1.05 1.0 1.02439 
k 16
1.044444 1.0 1.093023 1.045455 1.0 1.044444 1.045455 1.045455 1.021739 1.021739 
k 18
1.041667 1.0 1.06383 1.020833 1.0 1.020408 1.042553 1.042553 1.0 1.020408 
k 20
1.02 1.0 1.040816 1.02 1.0 1.0 1.040816 1.02 1.0 1.0 
k 22
1.0 1.0 1.0 1.0 1.0 1.0 1.0 1.0 1.0 1.0 
k 24
1.0 1.0 1.0 1.0 1.0 1.0 1.0 1.0 1.0 1.0 
k 26
1.0 1.0 1.0 1.0 1.0 1.0 1.0 1.0 1.0 1.0 
k 28
1.0 1.0 1.0 1.0 1.0 1.0 1.0 1.0 1.0 1.0 
k 30
1.0 1.0 1.0 1.0 1.0 1.0 1.0 1.0 1.0 1.0 
v 36
k 10
1.0 1.0 1.0 1.0 1.0 1.0 1.0 1.0 1.0 1.0 
k 12
1.0 1.0 1.0 1.0 1.0 1.0 1.0 1.0 1.0 1.0 
k 14
1.0 1.0 1.02439 1.0 1.0 1.02439 1.0 1.02439 1.0 1.0 
k 16
1.021277 1.066667 1.021739 1.066667 1.021277 1.021739 1.0 1.043478 1.021739 1.021277 
k 18
1.02 1.040816 1.020408 1.040816 1.0 1.02 1.040816 1.0 1.020408 1.040816 
k 20
1.038462 1.018868 1.0 1.038462 1.0 1.0 1.038462 1.038462 1.039216 1.058824 
k 22
1.0 1.0 1.0 1.018868 1.0 1.0 1.0 1.0 1.0 1.0 
k 24
1.0 1.0 1.0 1.0 1.0 1.0 1.0 1.0 1.0 1.0 
k 26
1.0 1.0 1.0 1.0 1.0 1.0 1.0 1.0 1.0 1.0 
k 28
1.0 1.0 1.0 1.0 1.0 1.0 1.0 1.0 1.0 1.0 
k 30
1.0 1.0 1.0 1.0 1.0 1.0 1.0 1.0 1.0 1.0 
v 38
k 11
1.0 1.0 1.0 1.0 1.0 1.0 1.0 1.0 1.0 1.0 
k 13
1.0 1.0 1.0 1.0 1.0 1.0 1.0 1.0 1.0 1.0 
k 15
1.0 1.022727 1.022727 1.022727 1.046512 1.0 1.0 1.0 1.0 1.0 
k 17
1.02 1.040816 1.041667 1.0625 1.041667 1.020408 1.020408 1.040816 1.041667 1.02 
k 19
1.018868 1.018868 1.018868 1.038462 1.018868 1.019231 1.018868 1.038462 1.019231 1.018868 
k 21
1.036364 1.017857 1.018182 1.036364 1.018182 1.037037 1.037037 1.036364 1.037037 1.036364 
k 23
1.017857 1.0 1.0 1.017857 1.0 1.017857 1.0 1.0 1.036364 1.0 
k 25
1.0 1.0 1.0 1.0 1.0 1.0 1.0 1.0 1.0 1.0 
k 27
1.0 1.0 1.0 1.0 1.0 1.0 1.0 1.0 1.0 1.0 
k 29
1.0 1.0 1.0 1.0 1.0 1.0 1.0 1.0 1.0 1.0 
k 31
1.0 1.0 1.0 1.0 1.0 1.0 1.0 1.0 1.0 1.0 
v 40
k 11
1.0 1.0 1.0 1.0 1.0 1.0 1.0 1.0 1.0 1.0 
k 13
1.0 1.0 1.0 1.0 1.0 1.0 1.0 1.0 1.0 1.0 
k 15
1.0 1.0 1.0 1.0 1.0 1.0 1.0 1.022727 1.0 1.0 
k 17
1.040816 1.02 1.040816 1.0 1.02 1.02 1.0 1.040816 1.02 1.0 
k 19
1.037736 1.018519 1.018519 1.0 1.018519 1.018519 1.0 1.018519 1.056604 1.018519 
k 21
1.035714 1.0 1.017544 1.053571 1.035714 1.035714 1.017544 1.017544 1.053571 1.017544 
k 23
1.034483 1.0 1.016949 1.052632 1.034483 1.034483 1.016949 1.0 1.034483 1.016949 
k 25
1.0 1.0 1.0 1.016949 1.0 1.0 1.0 1.0 1.0 1.0 
k 27
1.0 1.0 1.0 1.0 1.0 1.0 1.0 1.0 1.0 1.0 
k 29
1.0 1.0 1.0 1.0 1.0 1.0 1.0 1.0 1.0 1.0 
k 31
1.0 1.0 1.0 1.0 1.0 1.0 1.0 1.0 1.0 1.0 
v 42
k 12
1.0 1.0 1.0 1.0 1.0 1.0 1.0 1.0 1.0 1.0 
k 14
1.0 1.0 1.0 1.0 1.0 1.0 1.0 1.0 1.0 1.0 
k 16
1.021277 1.0 1.021277 1.0 1.0 1.0 1.0 1.021277 1.0 1.0 
k 18
1.058824 1.018868 1.038462 1.018868 1.018868 1.0 1.018868 1.058824 1.018868 1.058824 
k 20
1.054545 1.017544 1.035714 1.035714 1.017544 1.017241 1.017544 1.017544 1.035714 1.053571 
k 22
1.033898 1.033898 1.0 1.033898 1.0 1.0 1.033898 1.016667 1.033898 1.033333 
k 24
1.016129 1.016129 1.0 1.032787 1.016129 1.0 1.032787 1.016129 1.032787 1.016129 
k 26
1.0 1.0 1.0 1.0 1.0 1.0 1.0 1.0 1.0 1.0 
k 28
1.0 1.0 1.0 1.0 1.0 1.0 1.0 1.0 1.0 1.0 
k 30
1.0 1.0 1.0 1.0 1.0 1.0 1.0 1.0 1.0 1.0 
v 44
k 12
1.0 1.0 1.0 1.0 1.0 1.0 1.0 1.0 1.0 1.0 
k 14
1.0 1.0 1.0 1.0 1.0 1.0 1.0 1.0 1.0 1.0 
k 16
1.0 1.0 1.021277 1.0 1.0 1.0 1.0 1.0 1.0 1.0 
k 18
1.018868 1.018868 1.038462 1.018868 1.038462 1.0 1.038462 1.0 1.018868 1.0 
k 20
1.035088 1.017241 1.053571 1.053571 1.017241 1.017241 1.072727 1.0 1.017241 1.034483 
k 22
1.016393 1.033333 1.0 1.05 1.016393 1.016393 1.033333 1.0 1.0 1.0 
k 24
1.015625 1.015625 1.031746 1.048387 1.015625 1.015625 1.031746 1.0 1.0 1.0 
k 26
1.0 1.0 1.03125 1.015385 1.015385 1.0 1.03125 1.0 1.0 1.015385 
k 28
1.0 1.0 1.0 1.0 1.0 1.0 1.015385 1.0 1.0 1.0 
k 30
1.0 1.0 1.0 1.0 1.0 1.0 1.0 1.0 1.0 1.0 
k 40
1.0 1.0 1.0 1.0 1.0 1.0 1.0 1.0 1.0 1.0 
v 46
k 13
1.0 1.0 1.0 1.0 1.0 1.0 1.0 1.0 1.0 1.0 
k 15
1.0 1.0 1.0 1.0 1.0 1.0 1.0 1.0 1.0 1.0 
k 17
1.0 1.0 1.0 1.0 1.0 1.0 1.0 1.0 1.0 1.040816 
k 19
1.0 1.017857 1.017857 1.017857 1.017857 1.017857 1.017857 1.017857 1.036364 1.017857 
k 21
1.016393 1.050847 1.033333 1.033333 1.033333 1.050847 1.033333 1.033333 1.05 1.016393 
k 23
1.0 1.048387 1.0 1.015625 1.031746 1.031746 1.03125 1.03125 1.0 1.047619 
k 25
1.030303 1.030303 1.014925 1.0 1.030303 1.046154 1.030303 1.030303 1.045455 1.046154 
k 27
1.0 1.029851 1.014706 1.0 1.014706 1.014706 1.0 1.0 1.014706 1.0 
k 29
1.0 1.0 1.0 1.0 1.0 1.0 1.0 1.0 1.0 1.0 
k 31
1.0 1.0 1.0 1.0 1.0 1.0 1.0 1.0 1.0 1.0 
k 41
1.0 1.0 1.0 1.0 1.0 1.0 1.0 1.0 1.0 1.0 
v 48
k 13
1.0 1.0 1.0 1.0 1.0 1.0 1.0 1.0 1.0 1.0 
k 15
1.0 1.0 1.0 1.0 1.0 1.0 1.0 1.0 1.0 1.0 
k 17
1.0 1.0 1.0 1.0 1.0 1.0 1.0 1.0 1.0 1.0 
k 19
1.017857 1.0 1.0 1.0 1.017857 1.036364 1.017857 1.017857 1.0 1.0 
k 21
1.033333 1.016129 1.0 1.0 1.032787 1.05 1.067797 1.032787 1.016393 1.032787 
k 23
1.03125 1.046875 1.0 1.015152 1.015385 1.046875 1.03125 1.030769 1.015385 1.030769 
k 25
1.045455 1.044776 1.0 1.029412 1.014706 1.014493 1.029851 1.014493 1.029851 1.044776 
k 27
1.028986 1.028571 1.0 1.043478 1.014085 1.028571 1.028571 1.028571 1.028986 1.028571 
k 29
1.014085 1.0 1.0 1.014085 1.0 1.0 1.0 1.0 1.014085 1.0 
k 31
1.0 1.0 1.0 1.0 1.0 1.0 1.0 1.0 1.0 1.0 
k 41
1.0 1.0 1.0 1.0 1.0 1.0 1.0 1.0 1.0 1.0 
v 50
k 14
1.0 1.0 1.0 1.0 1.0 1.0 1.0 1.0 1.0 1.0 
k 16
1.0 1.0 1.0 1.0 1.0 1.0 1.0 1.0 1.0 1.0 
k 18
1.0 1.0 1.0 1.0 1.018868 1.0 1.0 1.0 1.0 1.0 
k 20
1.0 1.0 1.016949 1.034483 1.016949 1.016949 1.0 1.0 1.0 1.0 
k 22
1.03125 1.047619 1.03125 1.047619 1.047619 1.03125 1.03125 1.015385 1.015385 1.03125 
k 24
1.029851 1.014493 1.029412 1.014493 1.044776 1.029851 1.029412 1.014493 1.029412 1.029412 
k 26
1.014085 1.028169 1.028169 1.073529 1.028169 1.014085 1.028169 1.0 1.028169 1.028169 
k 28
1.027397 1.027397 1.013514 1.041667 1.041667 1.027397 1.027397 1.0 1.027397 1.013514 
k 30
1.0 1.0 1.0 1.027397 1.013514 1.013514 1.0 1.0 1.0 1.0 
k 40
1.0 1.0 1.0 1.0 1.0 1.0 1.0 1.0 1.0 1.0 
v 60
k 16
1.0 1.0 1.0 1.0 1.0 1.0 1.0 1.0 1.0 1.0 
k 18
1.0 1.0 1.0 1.0 1.0 1.0 1.0 1.0 1.0 1.0 
k 20
1.0 1.0 1.0 1.0 1.0 1.0 1.0 1.0 1.0 1.0 
k 22
1.0 1.0 1.0 1.0 1.0 1.0 1.0 1.0 1.0 1.0 
k 24
1.0 1.014085 1.014085 1.0 1.0 1.0 1.014085 1.0 1.0 1.0 
k 26
1.026316 1.054054 1.04 1.026316 1.012987 1.026316 1.012987 1.026316 1.04 1.026316 
k 28
1.024691 1.0375 1.051282 1.025 1.037037 1.025 1.037975 1.025 1.0375 1.037975 
k 30
1.011765 1.011765 1.036585 1.04878 1.011765 1.02381 1.036585 1.011905 1.011905 1.024096 
k 40
1.0 1.0 1.0 1.0 1.0 1.0 1.0 1.0 1.0 1.0 
k 50
1.0 1.0 1.0 1.0 1.0 1.0 1.0 1.0 1.0 1.0 
v 70
k 19
1.0 1.0 1.0 1.0 1.0 1.0 1.0 1.0 1.0 1.0 
k 21
1.0 1.0 1.0 1.0 1.0 1.0 1.0 1.0 1.0 1.0 
k 23
1.0 1.0 1.0 1.0 1.0 1.0 1.0 1.0 1.0 1.0 
k 25
1.0 1.0 1.0 1.0 1.0 1.0 1.0 1.0 1.0 1.0 
k 27
1.025316 1.0 1.0 1.0 1.0 1.0 1.0 1.0 1.0 1.0 
k 29
1.048193 1.023529 1.011628 1.0 1.011628 1.023529 1.011628 1.035714 1.023529 1.035714 
k 31
1.044944 1.044944 1.033333 1.021978 1.0 1.022222 1.033333 1.033333 1.056818 1.033708 
k 41
1.019417 1.029412 1.019417 1.0 1.019417 1.009615 1.0 1.0 1.019417 1.009615 
k 51
1.0 1.0 1.0 1.0 1.0 1.0 1.0 1.0 1.0 1.0 
k 61
1.0 1.0 1.0 1.0 1.0 1.0 1.0 1.0 1.0 1.0 
v 80
k 21
1.0 1.0 1.0 1.0 1.0 1.0 1.0 1.0 1.0 1.0 
k 23
1.0 1.0 1.0 1.0 1.0 1.0 1.0 1.0 1.0 1.0 
k 25
1.0 1.0 1.0 1.0 1.0 1.0 1.0 1.0 1.0 1.0 
k 27
1.0 1.0 1.0 1.0 1.0 1.0 1.0 1.0 1.0 1.0 
k 29
1.0 1.0 1.0 1.0 1.0 1.011628 1.0 1.0 1.0 1.0 
k 31
1.0 1.0 1.0 1.01087 1.01087 1.021978 1.01087 1.021978 1.0 1.0 
k 41
1.036036 1.035714 1.017699 1.035714 1.045045 1.054545 1.054545 1.035714 1.035398 1.045045 
k 51
1.0 1.0 1.0 1.0 1.0 1.0 1.0 1.0 1.0 1.0 
k 61
1.0 1.0 1.0 1.0 1.0 1.0 1.0 1.0 1.0 1.0 
k 71
1.0 1.0 1.0 1.0 1.0 1.0 1.0 1.0 1.0 1.0 
v 90
k 24
1.0 1.0 1.0 1.0 1.0 1.0 1.0 1.0 1.0 1.0 
k 26
1.0 1.0 1.0 1.0 1.0 1.0 1.0 1.0 1.0 1.0 
k 28
1.0 1.0 1.0 1.0 1.0 1.0 1.0 1.0 1.0 1.0 
k 30
1.0 1.0 1.0 1.0 1.0 1.0 1.0 1.0 1.0 1.0 
k 40
1.052632 1.034483 1.052632 1.052632 1.034483 1.061947 1.04386 1.052632 1.034483 1.052632 
k 50
1.030534 1.038462 1.046512 1.022727 1.030534 1.038462 1.046875 1.030534 1.022727 1.022727 
k 60
1.0 1.0 1.0 1.0 1.0 1.0 1.0 1.0 1.0 1.0 
k 70
1.0 1.0 1.0 1.0 1.0 1.0 1.0 1.0 1.0 1.0 
k 80
1.0 1.0 1.0 1.0 1.0 1.0 1.0 1.0 1.0 1.0 
v 100
k 26
1.0 1.0 1.0 1.0 1.0 1.0 1.0 1.0 1.0 1.0 
k 28
1.0 1.0 1.0 1.0 1.0 1.0 1.0 1.0 1.0 1.0 
k 30
1.0 1.0 1.0 1.0 1.0 1.0 1.0 1.0 1.0 1.0 
k 40
1.0 1.016949 1.025641 1.016949 1.016949 1.008403 1.016949 1.016949 1.016949 1.025641 
k 50
1.021583 1.021429 1.036232 1.021429 1.051471 1.035971 1.036496 1.028777 1.036232 1.028986 
k 60
1.006711 1.0 1.0 1.027397 1.006711 1.013514 1.013514 1.013514 1.013514 1.013514 
k 70
1.0 1.0 1.0 1.0 1.0 1.0 1.0 1.0 1.0 1.0 
k 80
1.0 1.0 1.0 1.0 1.0 1.0 1.0 1.0 1.0 1.0 
k 90
1.0 1.0 1.0 1.0 1.0 1.0 1.0 1.0 1.0 1.0 
v 200
k 51
1.0 1.0 1.0 1.0 1.0 1.0 1.0 1.0 1.0 1.0 
k 61
1.0 1.0 1.0 1.0 1.0 1.0 1.0 1.0 1.0 1.0 
k 71
1.0 1.0 1.0 1.0 1.0 1.0 1.0 1.0 1.0 1.0 
k 81
1.004132 1.0125 1.0125 1.016736 1.025316 1.016736 1.008299 1.0125 1.021008 1.0125 
k 91
1.030418 1.034221 1.042308 1.046332 1.038168 1.038314 1.034351 1.026515 1.058366 1.042308 
k 101
1.039568 1.043165 1.021277 1.047101 1.035971 1.02847 1.02847 1.028571 1.050725 1.024911 
v 300
k 76
1.0 1.0 1.0 1.0 1.0 1.0 1.0 1.0 1.0 1.0 
k 86
1.0 1.0 1.0 1.0 1.0 1.0 1.0 1.0 1.0 1.0 
k 96
1.0 1.0 1.0 1.0 1.0 1.0 1.0 1.0 1.0 1.0 
k 106
1.0 1.0 1.0 1.0 1.0 1.0 1.0 1.0 1.0 1.0 
k 206
1.0 1.0 1.0 1.0 1.0 1.0 1.0 1.0 1.0 1.0 
length 2550 
Max 1.093023 
