v 6
k 3
8 8 8 8 8 8 9 8 9 8 
v 8
k 3
9 9 9 9 9 9 9 9 9 9 
k 4
11 11 11 11 12 11 12 11 11 11 
k 5
12 12 12 12 12 12 12 12 12 12 
v 10
k 4
12 12 12 12 12 12 12 12 12 12 
k 5
13 14 14 14 14 14 13 14 14 14 
k 6
15 15 15 15 15 15 15 15 15 15 
k 7
15 15 15 15 15 15 15 15 15 15 
v 12
k 4
12 12 12 12 12 12 12 12 12 12 
k 5
15 15 15 15 15 15 15 15 15 15 
k 6
17 17 17 16 17 17 17 17 17 17 
k 7
18 18 18 18 18 18 18 18 18 18 
k 8
18 18 18 18 18 18 18 18 18 18 
k 9
18 18 18 18 18 18 18 18 18 18 
v 14
k 5
15 15 15 15 15 15 15 15 15 15 
k 6
18 18 18 18 18 18 18 18 18 18 
k 7
19 19 19 19 19 20 20 19 19 20 
k 8
21 21 21 21 21 21 21 21 21 21 
k 9
21 21 21 21 21 21 21 21 21 21 
k 10
21 21 21 21 21 21 21 21 21 21 
v 16
k 5
15 15 15 15 15 15 15 15 15 15 
k 6
18 18 18 18 18 18 18 18 18 18 
k 7
20 21 20 21 21 20 21 20 20 21 
k 8
22 22 22 22 23 22 23 22 22 22 
k 9
23 24 23 24 24 23 24 23 23 24 
k 10
24 24 24 24 24 24 24 24 24 24 
k 12
24 24 24 24 24 24 24 24 24 24 
v 18
k 6
18 18 18 18 18 18 18 18 18 18 
k 7
21 21 21 21 21 21 21 21 21 21 
k 8
24 24 23 24 24 23 23 24 24 24 
k 9
25 25 25 26 26 25 25 25 25 26 
k 10
27 27 26 27 27 26 26 27 27 27 
k 12
27 27 27 27 27 27 27 27 27 27 
k 14
27 27 27 27 27 27 27 27 27 27 
v 20
k 6
18 18 18 18 18 18 18 18 18 18 
k 7
21 21 21 21 21 21 21 21 21 21 
k 8
24 24 24 24 24 24 24 24 24 24 
k 9
26 27 27 27 27 26 26 26 26 26 
k 10
27 28 28 28 29 28 28 28 28 28 
k 12
30 30 30 30 30 30 30 30 30 30 
k 14
30 30 30 30 30 30 30 30 30 30 
k 16
30 30 30 30 30 30 30 30 30 30 
v 22
k 7
21 21 21 21 21 21 21 21 21 21 
k 8
24 24 24 24 24 24 24 24 24 24 
k 9
27 27 27 27 27 27 27 27 27 27 
k 10
29 29 30 29 29 30 29 30 30 29 
k 12
32 32 33 32 32 33 32 33 33 32 
k 14
33 33 33 33 33 33 33 33 33 33 
k 16
33 33 33 33 33 33 33 33 33 33 
k 18
33 33 33 33 33 33 33 33 33 33 
v 24
k 7
21 21 21 21 21 21 21 21 21 21 
k 8
24 24 24 24 24 24 24 24 24 24 
k 9
27 27 27 27 27 27 27 27 27 27 
k 10
30 30 30 30 30 30 30 30 30 30 
k 12
34 33 34 33 33 34 34 34 34 34 
k 14
36 36 36 36 36 36 36 36 36 36 
k 16
36 36 36 36 36 36 36 36 36 36 
k 18
36 36 36 36 36 36 36 36 36 36 
k 20
36 36 36 36 36 36 36 36 36 36 
v 26
k 8
24 24 24 24 24 24 24 24 24 24 
k 9
27 27 27 27 27 27 27 27 27 27 
k 10
30 30 30 30 30 30 30 30 30 30 
k 12
35 35 35 36 36 35 36 35 35 35 
k 14
38 38 38 39 39 38 39 38 38 38 
k 16
39 39 39 39 39 39 39 39 39 39 
k 18
39 39 39 39 39 39 39 39 39 39 
k 20
39 39 39 39 39 39 39 39 39 39 
k 22
39 39 39 39 39 39 39 39 39 39 
v 28
k 8
24 24 24 24 24 24 24 24 24 24 
k 9
27 27 27 27 27 27 27 27 27 27 
k 10
30 30 30 30 30 30 30 30 30 30 
k 12
36 36 35 36 36 36 36 36 36 36 
k 14
40 39 39 41 39 40 40 40 40 39 
k 16
42 42 41 42 42 42 42 42 42 42 
k 18
42 42 42 42 42 42 42 42 42 42 
k 20
42 42 42 42 42 42 42 42 42 42 
k 22
42 42 42 42 42 42 42 42 42 42 
k 24
42 42 42 42 42 42 42 42 42 42 
v 30
k 9
27 27 27 27 27 27 27 27 27 27 
k 10
30 30 30 30 30 30 30 30 30 30 
k 12
36 36 36 36 36 36 36 36 36 36 
k 14
41 40 41 41 41 42 40 41 41 40 
k 16
44 43 44 44 44 45 43 44 44 43 
k 18
45 45 45 45 45 45 45 45 45 45 
k 20
45 45 45 45 45 45 45 45 45 45 
k 22
45 45 45 45 45 45 45 45 45 45 
k 24
45 45 45 45 45 45 45 45 45 45 
k 26
45 45 45 45 45 45 45 45 45 45 
v 32
k 9
27 27 27 27 27 27 27 27 27 27 
k 10
30 30 30 30 30 30 30 30 30 30 
k 12
36 36 36 36 36 36 36 36 36 36 
k 14
41 42 42 42 42 42 42 42 42 42 
k 16
45 45 46 45 45 45 46 45 45 45 
k 18
47 48 48 48 48 48 48 48 48 48 
k 20
48 48 48 48 48 48 48 48 48 48 
k 22
48 48 48 48 48 48 48 48 48 48 
k 24
48 48 48 48 48 48 48 48 48 48 
k 26
48 48 48 48 48 48 48 48 48 48 
k 28
48 48 48 48 48 48 48 48 48 48 
v 34
k 10
30 30 30 30 30 30 30 30 30 30 
k 12
36 36 36 36 36 36 36 36 36 36 
k 14
42 42 42 42 42 42 42 42 42 42 
k 16
47 47 47 46 46 47 46 46 47 47 
k 18
50 50 50 49 49 50 49 49 50 50 
k 20
51 51 51 51 51 51 51 51 51 51 
k 22
51 51 51 51 51 51 51 51 51 51 
k 24
51 51 51 51 51 51 51 51 51 51 
k 26
51 51 51 51 51 51 51 51 51 51 
k 28
51 51 51 51 51 51 51 51 51 51 
k 30
51 51 51 51 51 51 51 51 51 51 
v 36
k 10
30 30 30 30 30 30 30 30 30 30 
k 12
36 36 36 36 36 36 36 36 36 36 
k 14
42 42 42 42 42 42 42 42 42 42 
k 16
48 48 47 48 48 47 48 48 47 48 
k 18
51 51 50 51 52 51 51 50 50 51 
k 20
54 54 53 54 54 53 54 54 53 54 
k 22
54 54 54 54 54 54 54 54 54 54 
k 24
54 54 54 54 54 54 54 54 54 54 
k 26
54 54 54 54 54 54 54 54 54 54 
k 28
54 54 54 54 54 54 54 54 54 54 
k 30
54 54 54 54 54 54 54 54 54 54 
v 38
k 11
33 33 33 33 33 33 33 33 33 33 
k 13
39 39 39 39 39 39 39 39 39 39 
k 15
45 45 45 45 45 45 45 45 45 45 
k 17
51 51 50 51 50 50 50 51 50 51 
k 19
54 54 54 54 54 53 54 54 53 54 
k 21
57 57 56 57 56 56 56 57 56 57 
k 23
57 57 57 57 57 57 57 57 57 57 
k 25
57 57 57 57 57 57 57 57 57 57 
k 27
57 57 57 57 57 57 57 57 57 57 
k 29
57 57 57 57 57 57 57 57 57 57 
k 31
57 57 57 57 57 57 57 57 57 57 
v 40
k 11
33 33 33 33 33 33 33 33 33 33 
k 13
39 39 39 39 39 39 39 39 39 39 
k 15
45 45 45 45 45 45 45 45 45 45 
k 17
51 51 51 51 51 51 51 51 51 51 
k 19
55 55 55 56 55 55 55 55 56 55 
k 21
58 58 58 59 58 58 58 58 59 58 
k 23
60 60 60 60 60 60 60 60 60 60 
k 25
60 60 60 60 60 60 60 60 60 60 
k 27
60 60 60 60 60 60 60 60 60 60 
k 29
60 60 60 60 60 60 60 60 60 60 
k 31
60 60 60 60 60 60 60 60 60 60 
v 42
k 12
36 36 36 36 36 36 36 36 36 36 
k 14
42 42 42 42 42 42 42 42 42 42 
k 16
48 48 48 48 48 48 48 48 48 48 
k 18
54 54 54 54 54 54 54 54 54 54 
k 20
58 58 58 58 58 59 58 58 58 59 
k 22
61 61 61 61 61 62 61 61 61 62 
k 24
63 63 63 63 63 63 63 63 63 63 
k 26
63 63 63 63 63 63 63 63 63 63 
k 28
63 63 63 63 63 63 63 63 63 63 
k 30
63 63 63 63 63 63 63 63 63 63 
v 44
k 12
36 36 36 36 36 36 36 36 36 36 
k 14
42 42 42 42 42 42 42 42 42 42 
k 16
48 48 48 48 48 48 48 48 48 48 
k 18
54 54 54 54 54 54 54 54 54 54 
k 20
59 59 59 59 59 59 59 59 59 60 
k 22
62 62 61 63 62 62 62 63 62 62 
k 24
65 65 65 65 65 65 65 65 65 66 
k 26
66 66 66 66 66 66 66 66 66 66 
k 28
66 66 66 66 66 66 66 66 66 66 
k 30
66 66 66 66 66 66 66 66 66 66 
k 40
66 66 66 66 66 66 66 66 66 66 
v 46
k 13
39 39 39 39 39 39 39 39 39 39 
k 15
45 45 45 45 45 45 45 45 45 45 
k 17
51 51 51 51 51 51 51 51 51 51 
k 19
57 57 57 57 57 57 57 57 57 57 
k 21
62 62 62 62 62 62 62 62 63 62 
k 23
65 65 65 65 65 65 66 66 65 66 
k 25
68 68 68 68 68 68 68 68 69 68 
k 27
69 69 69 69 69 69 69 69 69 69 
k 29
69 69 69 69 69 69 69 69 69 69 
k 31
69 69 69 69 69 69 69 69 69 69 
k 41
69 69 69 69 69 69 69 69 69 69 
v 48
k 13
39 39 39 39 39 39 39 39 39 39 
k 15
45 45 45 45 45 45 45 45 45 45 
k 17
51 51 51 51 51 51 51 51 51 51 
k 19
57 57 57 57 57 57 57 57 57 57 
k 21
62 63 62 63 63 63 63 63 62 63 
k 23
66 67 66 67 66 67 66 67 66 67 
k 25
69 70 69 70 69 70 69 70 69 70 
k 27
71 72 71 72 72 72 72 72 71 72 
k 29
72 72 72 72 72 72 72 72 72 72 
k 31
72 72 72 72 72 72 72 72 72 72 
k 41
72 72 72 72 72 72 72 72 72 72 
v 50
k 14
42 42 42 42 42 42 42 42 42 42 
k 16
48 48 48 48 48 48 48 48 48 48 
k 18
54 54 54 54 54 54 54 54 54 54 
k 20
60 60 60 60 60 60 60 60 60 60 
k 22
66 66 66 66 66 66 66 66 66 66 
k 24
69 70 70 70 70 69 70 70 70 70 
k 26
72 73 73 73 73 72 73 73 73 73 
k 28
75 75 75 75 75 75 75 75 75 75 
k 30
75 75 75 75 75 75 75 75 75 75 
k 40
75 75 75 75 75 75 75 75 75 75 
v 60
k 16
48 48 48 48 48 48 48 48 48 48 
k 18
54 54 54 54 54 54 54 54 54 54 
k 20
60 60 60 60 60 60 60 60 60 60 
k 22
66 66 66 66 66 66 66 66 66 66 
k 24
72 72 72 72 72 72 72 72 72 72 
k 26
78 78 78 78 78 78 78 78 78 78 
k 28
83 83 82 82 84 82 82 82 83 82 
k 30
86 86 85 86 86 86 85 85 85 85 
k 40
90 90 90 90 90 90 90 90 90 90 
k 50
90 90 90 90 90 90 90 90 90 90 
v 70
k 19
57 57 57 57 57 57 57 57 57 57 
k 21
63 63 63 63 63 63 63 63 63 63 
k 23
69 69 69 69 69 69 69 69 69 69 
k 25
75 75 75 75 75 75 75 75 75 75 
k 27
81 81 81 81 81 81 81 81 81 81 
k 29
87 87 87 87 87 87 87 87 87 87 
k 31
93 93 93 93 92 92 93 93 93 92 
k 41
105 105 105 105 105 105 105 105 105 105 
k 51
105 105 105 105 105 105 105 105 105 105 
k 61
105 105 105 105 105 105 105 105 105 105 
v 80
k 21
63 63 63 63 63 63 63 63 63 63 
k 23
69 69 69 69 69 69 69 69 69 69 
k 25
75 75 75 75 75 75 75 75 75 75 
k 27
81 81 81 81 81 81 81 81 81 81 
k 29
87 87 87 87 87 87 87 87 87 87 
k 31
93 93 93 93 93 93 93 93 93 93 
k 41
115 116 115 116 116 116 116 116 117 116 
k 51
120 120 120 120 120 120 120 120 120 120 
k 61
120 120 120 120 120 120 120 120 120 120 
k 71
120 120 120 120 120 120 120 120 120 120 
v 90
k 24
72 72 72 72 72 72 72 72 72 72 
k 26
78 78 78 78 78 78 78 78 78 78 
k 28
84 84 84 84 84 84 84 84 84 84 
k 30
90 90 90 90 90 90 90 90 90 90 
k 40
120 120 120 120 120 120 119 120 120 120 
k 50
135 135 135 135 135 135 134 135 135 135 
k 60
135 135 135 135 135 135 135 135 135 135 
k 70
135 135 135 135 135 135 135 135 135 135 
k 80
135 135 135 135 135 135 135 135 135 135 
v 100
k 26
78 78 78 78 78 78 78 78 78 78 
k 28
84 84 84 84 84 84 84 84 84 84 
k 30
90 90 90 90 90 90 90 90 90 90 
k 40
120 120 120 120 120 120 120 120 120 120 
k 50
142 143 143 143 143 144 142 143 143 142 
k 60
150 150 150 150 150 150 150 150 150 150 
k 70
150 150 150 150 150 150 150 150 150 150 
k 80
150 150 150 150 150 150 150 150 150 150 
k 90
150 150 150 150 150 150 150 150 150 150 
v 200
k 51
153 153 153 153 153 153 153 153 153 153 
k 61
183 183 183 183 183 183 183 183 183 183 
k 71
213 213 213 213 213 213 213 213 213 213 
k 81
243 243 243 243 243 243 243 243 243 243 
k 91
271 272 271 271 272 271 271 271 272 271 
k 101
289 290 288 289 288 289 289 288 290 288 
v 300
k 76
228 228 228 228 228 228 228 228 228 228 
k 86
258 258 258 258 258 258 258 258 258 258 
k 96
288 288 288 288 288 288 288 288 288 288 
k 106
318 318 318 318 318 318 318 318 318 318 
k 206
450 450 450 450 450 450 450 450 450 450 
