v 6
k 3
8 8 8 8 8 8 9 8 9 8 
v 8
k 3
9 9 9 9 9 9 9 9 9 9 
k 4
11 11 11 11 12 11 12 11 11 11 
k 5
12 12 12 12 12 12 12 12 12 12 
v 10
k 4
12 12 12 12 12 12 11 12 12 12 
k 5
13 13 14 14 13 14 13 13 14 14 
k 6
14 14 15 15 15 15 15 15 15 15 
k 7
15 15 15 15 15 15 15 15 15 15 
v 12
k 4
12 12 12 12 12 12 12 12 12 12 
k 5
15 15 15 15 15 14 15 15 14 15 
k 6
17 17 17 16 17 17 17 17 16 17 
k 7
18 18 18 17 18 18 18 18 17 18 
k 8
18 18 18 18 18 18 18 18 18 18 
k 9
18 18 18 18 18 18 18 18 18 18 
v 14
k 5
15 15 15 15 15 14 15 15 15 15 
k 6
18 17 18 18 17 18 18 18 17 18 
k 7
19 19 19 19 19 19 20 19 19 20 
k 8
21 20 20 21 21 20 21 20 20 21 
k 9
21 21 21 21 21 21 21 21 21 21 
k 10
21 21 21 21 21 21 21 21 21 21 
v 16
k 5
15 15 15 15 15 15 15 15 15 15 
k 6
17 18 18 18 18 17 18 18 18 18 
k 7
20 20 20 20 20 19 20 20 20 20 
k 8
22 22 21 22 23 21 23 22 21 22 
k 9
23 23 23 24 22 23 24 23 23 23 
k 10
24 24 24 24 24 24 24 24 24 24 
k 12
24 24 24 24 24 24 24 24 24 24 
v 18
k 6
18 18 18 18 18 18 18 18 18 18 
k 7
21 21 21 21 21 20 21 21 21 21 
k 8
22 23 23 23 24 23 22 24 24 23 
k 9
24 25 25 25 26 24 25 25 25 24 
k 10
25 26 26 26 27 26 26 26 26 25 
k 12
27 27 27 27 27 27 27 27 27 27 
k 14
27 27 27 27 27 27 27 27 27 27 
v 20
k 6
18 18 18 18 18 18 18 18 18 18 
k 7
21 21 21 21 21 21 21 21 21 21 
k 8
23 24 24 23 24 24 23 24 23 23 
k 9
25 26 26 25 25 25 26 26 25 26 
k 10
27 27 27 28 29 27 28 28 28 28 
k 12
29 30 30 29 30 29 30 30 30 30 
k 14
30 30 30 30 30 30 30 30 30 30 
k 16
30 30 30 30 30 30 30 30 30 30 
v 22
k 7
21 21 21 21 21 21 21 21 21 21 
k 8
24 24 24 24 24 23 24 24 24 24 
k 9
26 27 27 26 27 26 27 27 26 26 
k 10
28 28 29 28 29 29 28 29 28 28 
k 12
30 31 32 30 32 32 31 31 31 32 
k 14
32 33 33 33 33 33 33 33 33 33 
k 16
33 33 33 33 33 33 33 33 33 33 
k 18
33 33 33 33 33 33 33 33 33 33 
v 24
k 7
21 21 21 21 21 21 21 21 21 21 
k 8
24 23 24 24 24 24 24 24 24 24 
k 9
27 27 27 27 26 27 27 27 26 27 
k 10
29 29 30 29 28 30 30 30 28 30 
k 12
33 32 33 33 33 34 33 34 32 34 
k 14
35 35 36 35 35 35 35 36 35 35 
k 16
36 36 36 36 36 36 36 36 36 36 
k 18
36 36 36 36 36 36 36 36 36 36 
k 20
36 36 36 36 36 36 36 36 36 36 
v 26
k 8
24 24 24 24 24 24 24 24 24 24 
k 9
27 27 27 27 27 27 27 27 27 27 
k 10
30 29 29 30 30 30 30 30 30 30 
k 12
34 33 35 36 35 35 35 34 35 34 
k 14
37 37 37 38 39 37 39 37 37 36 
k 16
39 39 39 39 39 39 39 39 38 39 
k 18
39 39 39 39 39 39 39 39 39 39 
k 20
39 39 39 39 39 39 39 39 39 39 
k 22
39 39 39 39 39 39 39 39 39 39 
v 28
k 8
24 24 24 24 24 24 24 24 24 24 
k 9
27 27 27 27 27 27 27 27 27 27 
k 10
30 30 30 30 30 30 30 30 30 30 
k 12
35 35 34 36 35 34 36 36 33 35 
k 14
39 38 38 41 38 38 39 37 37 38 
k 16
41 40 39 42 40 41 40 39 39 40 
k 18
42 42 42 42 42 42 42 42 42 42 
k 20
42 42 42 42 42 42 42 42 42 42 
k 22
42 42 42 42 42 42 42 42 42 42 
k 24
42 42 42 42 42 42 42 42 42 42 
v 30
k 9
27 27 27 27 27 27 27 27 27 27 
k 10
30 30 30 30 30 30 30 30 30 30 
k 12
36 36 36 36 36 36 36 34 35 35 
k 14
40 40 41 41 40 42 40 40 39 39 
k 16
44 43 43 44 43 43 42 42 43 42 
k 18
45 45 45 44 45 45 45 44 45 45 
k 20
45 45 45 45 45 45 45 45 45 45 
k 22
45 45 45 45 45 45 45 45 45 45 
k 24
45 45 45 45 45 45 45 45 45 45 
k 26
45 45 45 45 45 45 45 45 45 45 
v 32
k 9
27 27 27 27 27 27 27 27 27 27 
k 10
30 30 30 30 30 30 30 30 30 30 
k 12
36 36 36 36 35 36 36 36 36 36 
k 14
41 40 40 41 39 42 41 41 39 41 
k 16
45 44 44 45 44 45 45 44 43 43 
k 18
47 45 45 47 47 48 47 46 46 46 
k 20
48 47 48 48 48 48 48 48 47 48 
k 22
48 48 48 48 48 48 48 48 48 48 
k 24
48 48 48 48 48 48 48 48 48 48 
k 26
48 48 48 48 48 48 48 48 48 48 
k 28
48 48 48 48 48 48 48 48 48 48 
v 34
k 10
30 30 30 30 30 30 30 30 30 30 
k 12
36 36 36 36 36 36 36 36 36 36 
k 14
40 42 40 41 41 41 40 40 42 41 
k 16
45 47 43 44 46 45 44 44 46 46 
k 18
48 50 47 48 49 49 47 47 50 49 
k 20
50 51 49 50 51 51 49 50 51 51 
k 22
51 51 51 51 51 51 51 51 51 51 
k 24
51 51 51 51 51 51 51 51 51 51 
k 26
51 51 51 51 51 51 51 51 51 51 
k 28
51 51 51 51 51 51 51 51 51 51 
k 30
51 51 51 51 51 51 51 51 51 51 
v 36
k 10
30 30 30 30 30 30 30 30 30 30 
k 12
36 36 36 36 36 36 36 36 36 36 
k 14
42 42 41 42 42 41 42 41 42 42 
k 16
47 45 46 45 47 46 48 46 46 47 
k 18
50 49 49 49 52 50 49 50 49 49 
k 20
52 53 53 52 54 53 52 52 51 51 
k 22
54 54 54 53 54 54 54 54 54 54 
k 24
54 54 54 54 54 54 54 54 54 54 
k 26
54 54 54 54 54 54 54 54 54 54 
k 28
54 54 54 54 54 54 54 54 54 54 
k 30
54 54 54 54 54 54 54 54 54 54 
v 38
k 11
33 33 33 33 33 33 33 33 33 33 
k 13
39 39 39 39 39 39 39 39 39 39 
k 15
45 44 44 44 43 45 45 45 45 45 
k 17
50 49 48 48 48 49 49 49 48 50 
k 19
53 53 53 52 53 52 53 52 52 53 
k 21
55 56 55 55 55 54 54 55 54 55 
k 23
56 57 57 56 57 56 57 57 55 57 
k 25
57 57 57 57 57 57 57 57 57 57 
k 27
57 57 57 57 57 57 57 57 57 57 
k 29
57 57 57 57 57 57 57 57 57 57 
k 31
57 57 57 57 57 57 57 57 57 57 
v 40
k 11
33 33 33 33 33 33 33 33 33 33 
k 13
39 39 39 39 39 39 39 39 39 39 
k 15
45 45 45 45 45 45 45 44 45 45 
k 17
49 50 49 51 50 50 51 49 50 51 
k 19
53 54 54 56 54 54 55 54 53 54 
k 21
56 58 57 56 56 56 57 57 56 57 
k 23
58 60 59 57 58 58 59 60 58 59 
k 25
60 60 60 59 60 60 60 60 60 60 
k 27
60 60 60 60 60 60 60 60 60 60 
k 29
60 60 60 60 60 60 60 60 60 60 
k 31
60 60 60 60 60 60 60 60 60 60 
v 42
k 12
36 36 36 36 36 36 36 36 36 36 
k 14
42 42 42 42 42 42 42 42 42 42 
k 16
47 48 47 48 48 48 48 47 48 48 
k 18
51 53 52 53 53 54 53 51 53 51 
k 20
55 57 56 56 57 58 57 57 56 56 
k 22
59 59 61 59 61 62 59 60 59 60 
k 24
62 62 63 61 62 63 61 62 61 62 
k 26
63 63 63 63 63 63 63 63 63 63 
k 28
63 63 63 63 63 63 63 63 63 63 
k 30
63 63 63 63 63 63 63 63 63 63 
v 44
k 12
36 36 36 36 36 36 36 36 36 36 
k 14
42 42 42 42 42 42 42 42 42 42 
k 16
48 48 47 48 48 48 48 48 48 48 
k 18
53 53 52 53 52 54 52 54 53 54 
k 20
57 58 56 56 58 58 55 59 58 58 
k 22
61 60 61 60 61 61 60 63 62 62 
k 24
64 64 63 62 64 64 63 65 65 66 
k 26
66 66 64 65 65 66 64 66 66 65 
k 28
66 66 66 66 66 66 65 66 66 66 
k 30
66 66 66 66 66 66 66 66 66 66 
k 40
66 66 66 66 66 66 66 66 66 66 
v 46
k 13
39 39 39 39 39 39 39 39 39 39 
k 15
45 45 45 45 45 45 45 45 45 45 
k 17
51 51 51 51 51 51 51 51 51 49 
k 19
57 56 56 56 56 56 56 56 55 56 
k 21
61 59 60 60 60 59 60 60 60 61 
k 23
65 62 65 64 63 63 64 64 65 63 
k 25
66 66 67 68 66 65 66 66 66 65 
k 27
69 67 68 69 68 68 69 69 68 69 
k 29
69 69 69 69 69 69 69 69 69 69 
k 31
69 69 69 69 69 69 69 69 69 69 
k 41
69 69 69 69 69 69 69 69 69 69 
v 48
k 13
39 39 39 39 39 39 39 39 39 39 
k 15
45 45 45 45 45 45 45 45 45 45 
k 17
51 51 51 51 51 51 51 51 51 51 
k 19
56 57 57 57 56 55 56 56 57 57 
k 21
60 62 62 63 61 60 59 61 61 61 
k 23
64 64 66 66 65 64 64 65 65 65 
k 25
66 67 69 68 68 69 67 69 67 67 
k 27
69 70 71 69 71 70 70 70 69 70 
k 29
71 72 72 71 72 72 72 72 71 72 
k 31
72 72 72 72 72 72 72 72 72 72 
k 41
72 72 72 72 72 72 72 72 72 72 
v 50
k 14
42 42 42 42 42 42 42 42 42 42 
k 16
48 48 48 48 48 48 48 48 48 48 
k 18
54 54 54 54 53 54 54 54 54 54 
k 20
60 60 59 58 59 59 60 60 60 60 
k 22
64 63 64 63 63 64 64 65 65 64 
k 24
67 69 68 69 67 67 68 69 68 68 
k 26
71 71 71 68 71 71 71 73 71 71 
k 28
73 73 74 72 72 73 73 75 73 74 
k 30
75 75 75 73 74 74 75 75 75 75 
k 40
75 75 75 75 75 75 75 75 75 75 
v 60
k 16
48 48 48 48 48 48 48 48 48 48 
k 18
54 54 54 54 54 54 54 54 54 54 
k 20
60 60 60 60 60 60 60 60 60 60 
k 22
66 66 66 66 66 66 66 66 66 66 
k 24
72 71 71 72 72 72 71 72 72 72 
k 26
76 74 75 76 77 76 77 76 75 76 
k 28
81 80 78 80 81 80 79 80 80 79 
k 30
85 85 82 82 85 84 82 84 84 83 
k 40
90 90 90 90 90 90 90 90 90 90 
k 50
90 90 90 90 90 90 90 90 90 90 
v 70
k 19
57 57 57 57 57 57 57 57 57 57 
k 21
63 63 63 63 63 63 63 63 63 63 
k 23
69 69 69 69 69 69 69 69 69 69 
k 25
75 75 75 75 75 75 75 75 75 75 
k 27
79 81 81 81 81 81 81 81 81 81 
k 29
83 85 86 87 86 85 86 84 85 84 
k 31
89 89 90 91 92 90 90 90 88 89 
k 41
103 102 103 105 103 104 105 105 103 104 
k 51
105 105 105 105 105 105 105 105 105 105 
k 61
105 105 105 105 105 105 105 105 105 105 
v 80
k 21
63 63 63 63 63 63 63 63 63 63 
k 23
69 69 69 69 69 69 69 69 69 69 
k 25
75 75 75 75 75 75 75 75 75 75 
k 27
81 81 81 81 81 81 81 81 81 81 
k 29
87 87 87 87 87 86 87 87 87 87 
k 31
93 93 93 92 92 91 92 91 93 93 
k 41
111 112 113 112 111 110 110 112 113 111 
k 51
120 120 120 120 120 120 120 120 120 120 
k 61
120 120 120 120 120 120 120 120 120 120 
k 71
120 120 120 120 120 120 120 120 120 120 
v 90
k 24
72 72 72 72 72 72 72 72 72 72 
k 26
78 78 78 78 78 78 78 78 78 78 
k 28
84 84 84 84 84 84 84 84 84 84 
k 30
90 90 90 90 90 90 90 90 90 90 
k 40
114 116 114 114 116 113 114 114 116 114 
k 50
131 130 129 132 131 130 128 131 132 132 
k 60
135 135 135 135 135 135 135 135 135 135 
k 70
135 135 135 135 135 135 135 135 135 135 
k 80
135 135 135 135 135 135 135 135 135 135 
v 100
k 26
78 78 78 78 78 78 78 78 78 78 
k 28
84 84 84 84 84 84 84 84 84 84 
k 30
90 90 90 90 90 90 90 90 90 90 
k 40
120 118 117 118 118 119 118 118 118 117 
k 50
139 140 138 140 136 139 137 139 138 138 
k 60
149 150 150 146 149 148 148 148 148 148 
k 70
150 150 150 150 150 150 150 150 150 150 
k 80
150 150 150 150 150 150 150 150 150 150 
k 90
150 150 150 150 150 150 150 150 150 150 
v 200
k 51
153 153 153 153 153 153 153 153 153 153 
k 61
183 183 183 183 183 183 183 183 183 183 
k 71
213 213 213 213 213 213 213 213 213 213 
k 81
242 240 240 239 237 239 241 240 238 240 
k 91
263 263 260 259 262 261 262 264 257 260 
k 101
278 278 282 276 278 281 281 280 276 281 
v 300
k 76
228 228 228 228 228 228 228 228 228 228 
k 86
258 258 258 258 258 258 258 258 258 258 
k 96
288 288 288 288 288 288 288 288 288 288 
k 106
318 318 318 318 318 318 318 318 318 318 
k 206
450 450 450 450 450 450 450 450 450 450 
v 400
k 101
303 303 303 303 303 303 303 303 303 303 
k 201
558 558 554 557 556 554 559 550 553 560 
k 301
600 600 600 600 600 600 600 600 600 600 
v 500
k 126
378 378 378 378 378 378 378 378 378 378 
k 226
655 652 651 653 647 646 646 649 650 645 
k 326
750 750 750 750 750 750 750 750 750 750 
k 426
750 750 750 750 750 750 750 750 750 750 
v 600
k 151
453 453 453 453 453 453 453 453 453 453 
k 251
737 739 736 736 740 737 737 737 735 734 
k 351
889 889 889 885 888 889 890 892 891 889 
k 451
900 900 900 900 900 900 900 900 900 900 
k 551
900 900 900 900 900 900 900 900 900 900 
v 700
k 176
528 528 528 528 528 528 528 528 528 528 
k 276
819 826 826 821 822 823 823 818 821 822 
k 376
1004 1007 1008 997 1000 1008 999 1004 1013 1002 
k 476
1050 1050 1050 1050 1050 1050 1050 1050 1050 1050 
k 576
1050 1050 1050 1050 1050 1050 1050 1050 1050 1050 
k 676
1050 1050 1050 1050 1050 1050 1050 1050 1050 1050 
v 800
k 201
603 603 603 603 603 603 603 603 603 603 
k 301
903 903 903 903 903 903 902 899 903 903 
k 401
1114 1110 1121 1114 1115 1111 1116 1116 1116 1118 
k 501
1200 1200 1200 1200 1200 1200 1200 1200 1200 1200 
k 601
1200 1200 1200 1200 1200 1200 1200 1200 1200 1200 
k 701
1200 1200 1200 1200 1200 1200 1200 1200 1200 1200 
v 900
k 226
678 678 678 678 678 678 678 678 678 678 
k 326
978 978 978 978 978 978 978 978 978 978 
k 426
1207 1202 1208 1207 1212 1208 1208 1218 1213 1207 
k 526
1324 1327 1334 1325 1334 1328 1339 1331 1340 1334 
k 626
1350 1350 1350 1350 1350 1350 1350 1350 1350 1350 
k 726
1350 1350 1350 1350 1350 1350 1350 1350 1350 1350 
k 826
1350 1350 1350 1350 1350 1350 1350 1350 1350 1350 
v 1000
k 251
753 753 753 753 753 753 753 753 753 753 
k 351
1053 1053 1053 1053 1053 1053 1053 1053 1053 1053 
k 451
1297 1295 1290 1297 1302 1291 1296 1298 1293 1302 
k 551
1451 1448 1443 1447 1442 1439 1444 1454 1453 1453 
k 651
1500 1500 1500 1500 1500 1500 1500 1500 1500 1500 
k 751
1500 1500 1500 1500 1500 1500 1500 1500 1500 1500 
k 851
1500 1500 1500 1500 1500 1500 1500 1500 1500 1500 
k 951
1500 1500 1500 1500 1500 1500 1500 1500 1500 1500 
